4294967278,536
7,2
7,4
4294967279,345
4294967278,535
9,6
9,5
9,2
9,4
4294967278,132
4294967278,131
4294967278,130
4294967278,129
4294967278,128
4294967278,127
4294967278,126
4294967278,125
4294967278,124
4294967278,123
4294967278,122
4294967278,121
4294967278,118
4294967278,115
4294967278,305
4294967278,303
4294967278,302
4294967278,301
4294967278,298
4294967278,297
4294967278,296
4294967278,292
4294967278,290
4294967279,101
4294967279,100
4294967279,99
4294967279,98
4294967279,97
4294967279,96
4294967279,95
4294967279,94
4294967279,93
4294967279,92
4294967279,91
4294967279,90
4294967279,89
4294967279,87
4294967279,86
4294967279,85
4294967279,84
4294967279,83
4294967279,82
4294967279,81
4294967279,80
4294967279,79
4294967279,78
4294967279,77
4294967279,76
4294967279,75
4294967279,74
4294967279,70
4294967279,69
4294967279,67
4294967279,66
4294967279,64
4294967279,63
4294967279,61
4294967279,60
4294967279,59
4294967279,58
4294967279,55
4294967279,304
4294967279,303
4294967279,48
4294967279,47
4294967279,46
4294967279,156
4294967279,300
4294967279,43
4294967279,298
4294967279,38
4294967279,37
4294967279,36
4294967279,35
4294967279,33
4294967279,32
4294967279,293
4294967279,30
4294967279,29
4294967279,28
4294967279,27
4294967279,26
4294967279,25
4294967279,24
4294967279,23
4294967279,22
4294967279,21
4294967279,20
4294967279,278
4294967279,18
4294967279,17
4294967279,16
4294967279,15
4294967279,14
4294967279,13
4294967279,12
4294967279,11
4294967279,10
4294967279,9
4294967279,8
4294967279,7
4294967279,6
4294967279,5
4294967279,344
4294967279,88
4294967279,174
4294967279,73
4294967279,343
4294967279,72
4294967279,342
4294967279,71
4294967278,183
4294967279,341
4294967279,68
7,9
7,0
4294967278,534
4294967279,65
4294967278,175
4294967279,340
4294967279,62
7,8
4294967279,339
4294967279,57
4294967279,338
4294967279,56
4294967278,533
4294967279,337
4294967279,54
4294967279,53
4294967279,52
4294967279,336
4294967279,50
4294967279,335
4294967279,51
4294967278,532
4294967278,531
4294967279,334
4294967279,49
4294967294,41
4294967279,45
4294967278,158
4294967279,158
4294967278,157
4294967294,427
4294967279,44
0,5
4294967294,900
4294967294,0
4294967294,77
4294967279,42
4294967279,254
4294967294,5
4294967294,81
4294967294,50
4294967294,91
4294967294,90
4294967294,87
4294967294,86
4294967294,52
4294967294,45
4294967294,44
4294967294,43
4294967279,41
4294967279,333
4294967279,260
4294967279,40
4294967278,530
4294967279,39
4294967294,107
4294967294,417
4294967294,53
4294967278,146
4294967279,34
4294967278,144
4294967294,22
4294967294,17
4294967294,67
4294967294,99
4294967294,76
4294967294,84
4294967278,529
4294967278,260
4294967278,0
4294967279,31
10,21
10,0
10,20
10,19
4294967278,139
4294967294,7
4294967294,6
4294967294,94
4294967294,93
4294967294,96
4294967294,95
28,7
4294967279,273
28,6
28,5
28,4
28,3
28,2
28,1
4294967278,528
4294967294,9
4294967294,8
0,7
4294967294,424
4294967294,51
4294967294,413
4294967294,947
4294967294,29
4294967294,28
4294967294,917
4294967294,27
4294967294,949
4294967294,26
4294967294,25
4294967294,92
4294967294,88
4294967294,85
4294967279,19
4294967294,969
4294967294,82
4294967294,42
27,7
27,6
27,5
27,4
27,3
27,2
27,1
4294967294,471
7,7
4294967279,277
4294967279,283
4294967279,282
10,18
10,17
4294967279,255
4294967279,332
4294967279,4
4294967278,255
10,16
10,15
26,6
26,5
26,4
26,3
26,2
26,1
4294967279,331
4294967294,1420
25,13
25,12
25,11
25,10
25,9
25,8
25,7
25,6
25,5
25,4
25,3
25,2
25,1
4294967278,235
4294967294,1419
4294967294,114
4294967278,232
24,7
4294967278,230
24,6
24,5
4294967278,228
24,4
24,3
24,2
24,1
4294967279,226
4294967278,226
4294967278,224
4294967278,222
23,7
23,6
4294967278,220
23,5
23,4
4294967278,218
23,3
23,2
23,1
4294967278,217
4294967278,216
4294967278,214
4294967278,213
22,4
22,3
22,2
22,1
4294967279,330
4294967278,212
4294967279,329
4294967278,209
4294967279,328
4294967278,208
4294967279,327
4294967279,326
4294967278,205
4294967279,325
4294967278,204
4294967279,204
4294967279,324
4294967279,323
